%G_s values: Pulled from ADCS Document 0102 (RW Spin Axes Definition in S/C Body Frame)
GsValues = [-0.390731128489274,-0.390731128489274,0.390731128489274,0.390731128489274,...
			0.0,0.920504853452440,0.920504853452440,0.0,...
			0.920504853452440,0.0,0.0,0.920504853452440]; % gs_i(3,:)
%Reaction wheel spin axis inertias
JsValues = [0.000029382450521,0.000029382450521,0.000029382450521,...
			0.000029382450521];
disabled_wheel = 0;